start=15.849000
aid=1
sid=1
sub-scale=1.000000
