start=525.525000
aid=1
sid=1
sub-scale=1.000000
