start=2343.299000
volume=100.666679
af=lavfi=graph=%28%loudnorm=I=-22:LRA=2:TP=-1.5
