start=29.613000
aid=1
sid=1
sub-scale=1.000000
