start=11.594928
aid=1
sid=no
sub-scale=1.000000
